100 3 2 1  27.797029

3
1
5
9
3
6
10
2
5
10
4
8
2
3
8
1
4
9
2
4
3
3
8
4
2
3
8
9
6
2
3
9
5
8
6
9
8
7
4
5
4
5
3
2
7
10
5
1
3
6
6
1
10
10
7
5
5
7
1
8
9
9
8
2
9
5
9
9
3
7
2
7
1
6
6
2
5
10
10
10
4
6
5
3
9
6
6
2
7
4
6
2
2
2
7
9
6
2
6
10


 43 

3 0
3 1
3 1
3 1
1 0
2 0
1 1
2 0
2 1
2 0
3 1
2 0
3 1
3 1
1 0
2 0
2 0
2 1
2 1
2 1
2 0
2 0
3 1
1 1
2 0
3 1
2 1
3 0
2 0
3 0
1 0
2 0
3 0
3 0
1 1
1 1
3 0
1 0
1 1
2 0
3 0
1 0
1 1
1 1
3 0
2 1
3 1
1 1
2 0
2 0
2 0
1 1
1 0
3 0
3 1
2 1
2 0
2 1
1 1
1 0
3 0
1 0
3 0
1 0
1 0
3 1
1 1
1 1
1 0
1 0
3 0
3 0
1 1
1 1
2 1
2 0
3 0
1 0
1 1
2 0
3 1
3 1
1 0
3 1
1 0
2 1
2 0
2 0
1 0
2 1
3 0
3 0
3 1
2 1
1 0
3 0
3 1
2 0
1 0
1 0

  3   8   9 
  3   6  15 
  3   4  12 
  3   6  15 
  3   7   9 
  3   9  12 
  3   7   8 
  3   8  12 
  3   7  15 
  3   7  14 
  3   4   5 
  3   4  12 
  3   6  11 
  3   8  13 
  3   4   9 
  3   4   8 
  3   9  16 
  3   7  10 
  3   5  10 
  3   4   9 
  3   7  16 
  3   5   7 
  3   4   7 
  3   5  13 
  3   5   9 
  3   9  11 
  3   5  13 
  3   6   8 
  3   7  16 
  3   8  17 
  3   7  11 
  3   4   6 
  3   9  11 
  3   8  13 
  3   6  15 
  3   7  13 
  3   9  14 
  3   4  13 
  3   6   8 
  3   8  17 
  3   5   7 
  3   7   9 
  3   9  16 
  3   8  10 
  3   9  14 
  3   5  12 
  3   7  13 
  3   9  12 
  3   7   8 
  3   6   8 
  3   7  13 
  3   8  10 
  3   5  14 
  3   6   9 
  3   7   9 
  3   7  12 
  3   7   8 
  3   9  14 
  3   6  12 
  3   8  11 
  3   9  13 
  3   8  17 
  3   5  12 
  3   5  14 
  3   4   5 
  3   4  11 
  3   9  13 
  3   8   9 
  3   8  12 
  3   4  12 
  3   4   5 
  3   5   9 
  3   9  16 
  3   6  15 
  3   8  16 
  3   9  17 
  3   9  14 
  3   7  14 
  3   6   9 
  3   8  14 
  3   5   7 
  3   5   7 
  3   8   9 
  3   5   9 
  3   9  18 
  3   7  10 
  3   7   9 
  3   6  14 
  3   7  11 
  3   7   8 
  3   5  10 
  3   4   7 
  3   9  15 
  3   5   6 
  3   6   8 
  3   6  10 
  3   7   9 
  3   4   7 
  3   8  12 
  3   9  12 


  0 20.881 34.205 21.633 10.770 12.042 39.408 33.615 31.257 27.074 68.768 66.189 90.139 68.469 84.077 41.340 20.000 38.210 72.139 14.036 83.672 10.817 54.148 47.508 21.932 33.015 49.041 56.356 66.030 39.000 42.802 51.865 31.890 64.661 49.244 71.028 72.000 35.341 33.838 50.359 20.591 56.613 27.659 17.720 25.080 27.295 40.000 11.180 55.471 36.346 60.539 65.620 37.336 18.601 54.406 73.756 85.907 57.801 61.400 51.420 64.133 18.028 57.983 37.121 84.723 34.928 53.666 9.055 43.139 30.676 74.324 80.722 62.008 74.673 65.437 59.439 48.836 42.450 80.994 14.318 63.891 69.642 85.041 53.254 25.080 55.714 68.942 68.797 53.600 66.189 55.009 50.220 10.050 42.755 62.968 48.104 58.856 13.038 27.166 37.643 
20.881   0 55.082 42.048 22.627 17.804 54.708 49.578 14.866 37.590 81.884 65.765 108.208 68.029 71.309 21.932 40.249 34.525 91.214 29.000 71.589 14.318 74.027 36.620 15.000 21.024 53.263 76.968 51.264 49.244 40.447 49.820 15.524 48.754 65.856 67.357 80.523 38.328 22.023 70.000 15.620 60.075 24.021 33.971 30.676 37.590 51.108 14.866 70.576 56.009 75.452 60.017 24.207 35.355 64.405 78.102 73.756 75.690 56.515 70.257 76.059 35.228 73.389 39.115 91.967 41.761 54.148 24.207 26.401 37.802 89.308 91.608 81.835 74.324 60.745 72.007 69.635 61.205 70.456 18.788 83.487 67.186 103.325 68.352 35.847 76.551 57.559 54.708 71.449 61.847 62.241 43.932 12.207 55.570 75.664 61.270 52.953 9.055 47.096 31.321 
34.205 55.082   0 15.297 37.014 42.012 32.016 29.732 64.195 39.357 57.245 80.430 65.000 80.957 109.986 74.733 17.263 61.984 45.188 32.388 108.853 42.953 24.698 75.505 53.000 63.246 59.135 24.042 94.921 44.598 64.078 70.711 64.413 94.641 35.171 88.752 71.120 53.226 63.820 22.672 50.774 67.268 54.745 29.120 45.222 38.588 41.976 43.186 42.059 14.318 48.052 85.088 68.118 26.907 53.009 79.812 111.041 37.054 80.623 27.019 57.940 26.173 43.081 55.462 82.608 48.021 69.065 34.000 74.947 44.418 59.076 72.125 33.121 86.128 85.088 52.924 15.000 21.541 104.623 42.720 35.777 86.023 59.615 40.522 38.484 21.954 94.366 96.897 34.015 84.077 58.549 72.801 43.738 41.400 53.600 42.048 79.612 46.819 13.416 63.789 
21.633 42.048 15.297   0 22.091 27.295 37.696 19.647 49.649 25.000 66.370 67.179 69.635 80.623 103.465 62.968 2.000 46.819 50.990 17.117 102.728 31.890 39.395 60.208 38.118 53.759 59.135 34.928 86.556 32.450 49.193 56.303 53.413 85.586 31.575 74.813 62.642 38.588 54.489 36.715 41.037 54.672 39.459 13.928 30.083 36.346 44.407 28.862 51.313 24.759 44.283 81.597 53.009 23.195 57.723 68.964 104.957 38.013 77.162 40.000 51.352 22.204 53.009 40.817 88.600 34.059 55.317 19.235 64.537 41.773 57.271 80.498 40.460 86.371 70.725 46.271 30.150 32.527 99.298 33.422 42.450 72.346 64.405 49.396 23.854 34.928 87.983 89.022 34.015 81.320 61.400 67.543 30.083 31.623 61.717 48.104 75.392 34.670 17.493 48.508 
10.770 22.627 37.014 22.091   0 5.385 48.836 27.019 27.659 17.117 78.492 55.471 85.586 78.918 91.548 44.553 20.100 28.425 68.819 6.403 91.417 19.105 59.666 39.560 16.031 39.925 59.775 56.321 72.471 29.275 32.558 41.400 36.892 70.491 43.278 60.605 62.129 24.597 40.853 56.321 28.636 45.880 18.788 11.402 14.318 38.013 50.478 7.810 64.661 42.720 53.339 75.166 31.145 28.320 64.900 63.151 93.638 53.075 71.063 58.310 55.362 27.586 67.007 26.420 95.383 24.331 42.942 3.162 48.260 41.437 67.231 90.907 59.942 85.159 55.227 50.922 52.010 49.659 89.286 24.021 61.400 59.076 80.722 62.482 15.133 56.886 76.844 75.584 48.836 76.007 65.742 59.414 10.817 34.176 72.863 58.052 68.264 18.385 33.615 28.653 
12.042 17.804 42.012 27.295 5.385   0 51.400 31.828 22.361 20.248 80.808 55.154 90.609 77.878 87.920 39.699 25.318 26.249 74.061 11.662 87.932 17.263 64.133 35.777 11.045 36.401 59.615 61.685 68.447 32.280 31.064 40.311 32.650 66.242 48.104 59.363 64.630 24.739 37.363 60.638 26.019 46.690 15.620 16.643 15.033 38.833 51.856 3.162 67.424 46.840 57.689 73.000 26.476 30.610 66.219 64.382 90.139 58.138 69.029 62.298 58.873 30.000 69.893 26.249 96.255 26.019 42.720 8.062 43.909 41.593 71.561 92.698 65.299 84.172 53.600 54.626 57.009 53.488 86.122 22.804 66.731 58.181 85.796 65.215 18.385 62.169 73.498 71.694 53.907 74.108 66.370 57.035 7.071 38.013 75.007 60.141 66.008 15.133 37.643 25.612 
39.408 54.708 32.016 37.696 48.836 51.400   0 57.245 68.542 60.465 29.732 102.801 95.603 51.000 87.201 67.007 38.484 77.233 75.690 48.270 85.428 40.497 29.069 86.822 61.057 51.157 30.000 52.202 76.557 69.771 81.320 89.872 56.036 77.833 66.483 109.041 100.245 72.346 51.245 24.759 42.297 91.269 67.007 48.260 62.290 19.026 12.042 50.478 16.125 18.439 79.511 58.694 76.059 20.809 21.000 106.438 87.459 69.065 54.452 21.095 88.295 21.401 18.788 74.411 51.196 69.635 90.427 45.967 63.388 22.804 91.022 43.046 63.325 55.543 103.947 83.199 35.777 15.000 80.056 36.139 66.219 107.168 90.250 13.892 58.822 47.424 72.111 77.369 66.000 56.727 26.926 50.249 48.374 69.289 24.413 10.440 54.672 45.880 20.616 77.006 
33.615 49.578 29.732 19.647 27.019 31.828 57.245   0 51.624 15.524 85.422 51.313 58.898 99.126 117.631 71.505 19.235 39.115 43.382 20.809 117.273 44.283 53.907 54.452 39.661 66.242 78.006 37.336 99.126 15.264 39.115 43.681 63.820 97.350 16.279 60.374 43.012 28.018 67.119 52.326 54.129 37.802 36.401 16.125 24.352 55.000 63.953 34.713 70.235 42.720 26.926 98.489 51.264 42.048 77.369 50.220 119.507 26.627 94.149 56.727 32.016 41.049 71.694 30.067 108.240 21.213 40.719 26.077 75.213 60.075 40.719 99.810 36.674 105.043 57.585 27.000 41.340 50.478 114.586 47.760 37.363 57.306 54.203 68.425 16.155 40.522 102.552 102.083 22.472 98.656 80.895 83.522 37.802 12.083 81.025 67.676 91.924 44.944 36.770 42.579 
31.257 14.866 64.195 49.649 27.659 22.361 68.542 51.624   0 37.014 96.385 55.009 110.209 81.884 79.310 26.306 47.676 24.515 94.895 33.526 80.100 28.178 85.376 22.361 12.083 33.242 68.015 83.934 58.421 46.755 30.414 39.051 25.962 54.918 67.424 54.918 74.733 32.249 34.176 81.615 30.414 51.923 17.205 38.275 28.320 52.154 65.734 21.024 84.581 67.602 74.967 72.422 9.849 48.384 79.202 69.635 82.152 78.230 69.289 82.565 73.007 48.083 87.321 32.202 106.794 37.802 44.553 30.414 34.000 52.631 88.414 106.400 86.925 88.119 48.052 69.656 79.158 73.546 80.056 33.287 88.142 55.326 105.683 82.347 35.805 84.528 67.067 62.290 74.095 74.673 77.104 56.648 21.213 54.452 90.211 75.664 65.460 22.825 58.421 20.100 
27.074 37.590 39.357 25.000 17.117 20.248 60.465 15.524 37.014   0 90.000 42.521 73.239 95.525 108.167 59.076 23.431 24.021 58.694 13.342 108.157 36.222 64.008 39.115 25.456 56.613 75.710 52.010 88.640 12.166 25.000 31.385 52.802 86.313 30.529 49.820 45.044 13.928 57.567 61.587 45.706 30.887 21.024 12.207 8.944 53.160 64.475 23.409 75.286 49.679 38.288 92.266 35.847 41.629 78.721 47.127 110.368 41.593 88.142 65.000 38.626 40.719 77.233 16.155 109.659 9.220 30.414 18.028 63.953 57.271 52.010 103.465 52.173 101.710 45.793 34.438 53.141 57.385 106.231 41.012 52.887 47.424 68.797 73.246 2.000 54.452 93.680 91.924 37.577 93.048 80.654 76.531 27.203 18.028 84.876 70.491 85.376 35.171 41.725 27.166 
68.768 81.884 57.245 66.370 78.492 80.808 29.732 85.422 96.385 90.000   0 132.439 114.158 49.649 94.868 89.989 67.417 106.832 95.000 77.987 92.358 68.264 41.049 115.802 90.000 73.246 38.053 71.028 90.449 98.793 111.018 119.604 79.699 93.134 92.347 138.773 128.035 102.069 73.007 39.051 67.624 120.673 96.426 77.801 92.022 44.294 30.871 79.649 15.232 43.081 105.081 64.195 104.561 50.249 20.025 135.326 93.984 92.574 61.131 33.061 115.169 50.931 14.318 104.139 29.411 99.202 120.104 75.664 84.345 44.944 115.122 15.133 83.054 51.039 133.660 110.136 54.148 35.735 85.796 63.135 86.052 136.883 109.073 17.000 88.408 65.000 82.000 89.944 90.244 60.745 27.295 63.127 77.201 97.494 6.325 20.809 63.348 73.573 48.877 106.405 
66.189 65.765 80.430 67.179 55.471 55.154 102.801 51.313 55.009 42.521 132.439   0 88.566 132.563 134.239 81.154 65.765 31.257 82.492 54.644 135.093 72.111 105.000 36.688 50.990 86.701 114.769 86.539 113.283 36.056 25.318 16.031 80.225 109.554 56.321 11.045 32.696 30.887 87.693 103.078 79.555 13.928 41.976 54.672 41.183 93.477 105.816 57.585 117.796 91.935 53.085 125.766 46.271 83.217 120.221 19.105 137.131 66.287 122.184 106.963 42.190 82.377 119.754 29.069 150.841 33.302 12.530 57.801 89.006 96.664 60.671 145.661 81.744 138.885 13.601 43.012 92.650 99.705 135.015 77.833 81.025 7.000 86.145 115.745 44.045 90.802 122.016 117.209 64.031 127.475 121.198 109.659 61.351 41.629 127.201 112.645 118.697 68.680 84.220 35.014 
90.139 108.208 65.000 69.635 85.586 90.609 95.603 58.898 110.209 73.239 114.158 88.566   0 145.839 173.066 130.115 70.803 93.472 19.925 79.209 172.261 100.896 73.110 108.747 98.407 123.065 124.064 43.738 156.029 65.299 91.000 90.802 121.754 154.797 42.802 99.609 58.078 81.841 123.847 75.425 110.422 76.485 94.032 74.250 82.098 103.315 106.569 93.381 100.717 77.201 37.336 149.817 108.559 90.824 115.953 74.061 174.485 32.527 145.344 81.394 46.390 89.944 100.404 83.193 142.790 74.706 84.646 84.149 133.124 109.124 28.018 129.062 32.280 150.841 100.623 46.325 60.828 81.786 168.585 103.005 29.411 95.525 5.385 99.985 74.404 49.366 157.544 158.600 36.770 148.977 122.528 136.693 96.167 56.824 112.641 104.561 144.059 102.650 78.390 97.949 
68.469 68.029 80.957 80.623 78.918 77.878 51.000 99.126 81.884 95.525 49.649 132.563 145.839   0 46.530 62.968 80.399 101.843 125.936 82.298 43.738 60.638 78.816 104.235 81.933 49.092 21.840 102.956 48.083 107.299 107.517 117.004 56.859 52.202 112.147 135.192 140.228 102.611 48.260 74.887 53.141 124.535 90.758 85.053 92.763 44.283 39.395 75.186 53.038 68.942 124.904 17.263 91.706 57.428 33.941 142.042 45.122 117.154 16.553 70.000 131.061 58.421 55.227 104.048 35.355 103.247 120.333 77.524 54.452 39.051 137.768 46.690 113.653 6.325 128.693 126.099 86.770 65.863 36.878 55.109 116.456 134.737 140.456 52.345 93.536 98.387 36.346 46.098 113.565 13.153 25.495 26.870 71.309 110.000 45.486 44.204 20.591 63.891 67.720 99.161 
84.077 71.309 109.986 103.465 91.548 87.920 87.201 117.631 79.310 108.167 94.868 134.239 173.066 46.530   0 53.085 102.396 103.697 154.029 97.170 3.162 73.348 116.211 99.045 85.907 51.624 59.059 133.959 21.000 120.167 109.659 118.343 55.785 25.179 133.297 133.034 151.832 109.444 50.695 111.826 63.506 130.698 94.541 101.553 101.922 72.125 75.452 84.758 94.826 101.863 144.506 30.676 88.051 83.096 76.557 148.637 3.606 141.315 34.015 108.227 146.779 83.869 97.494 110.023 81.025 113.053 123.794 91.788 45.541 66.483 158.345 93.215 142.611 48.010 126.036 142.443 120.216 101.671 10.050 70.328 145.000 134.004 167.800 93.536 106.283 130.863 15.620 17.029 137.201 34.205 68.154 37.483 80.994 125.718 89.889 84.220 32.757 73.164 97.000 99.408 
41.340 21.932 74.733 62.968 44.553 39.699 67.007 71.505 26.306 59.076 89.989 81.154 130.115 62.968 53.085   0 61.294 50.804 112.929 50.912 54.000 31.780 90.802 46.390 34.438 16.763 55.009 97.617 32.140 70.328 56.719 65.276 11.045 28.636 87.784 80.225 100.305 57.585 17.088 86.493 25.318 78.102 42.379 55.866 51.478 48.042 59.841 36.797 81.498 73.007 97.201 50.249 35.000 51.196 70.520 95.901 56.009 97.591 48.010 85.586 97.129 51.420 84.481 57.871 93.193 62.169 70.859 46.011 8.944 45.541 111.018 96.773 103.228 68.768 73.246 93.295 88.600 76.792 54.452 32.985 105.000 81.025 125.208 79.404 57.428 96.607 41.593 36.056 93.349 53.254 65.795 36.125 33.971 77.104 83.678 70.859 43.829 28.302 64.846 46.390 
20.000 40.249 17.263 2.000 20.100 25.318 38.484 19.235 47.676 23.431 67.417 65.765 70.803 80.399 102.396 61.294   0 44.944 52.345 15.133 101.710 30.414 41.231 58.249 36.125 52.402 59.034 36.770 85.276 31.385 47.413 54.644 51.856 84.220 32.016 73.246 62.097 36.892 53.151 38.471 39.699 53.413 37.483 12.083 28.231 36.125 44.721 26.926 52.431 26.249 44.553 80.957 51.010 23.022 58.241 68.000 103.942 38.949 76.538 41.617 51.157 22.023 54.203 39.115 89.185 32.558 53.814 17.263 63.032 41.437 57.723 81.413 42.012 86.209 69.065 46.098 32.140 33.971 98.387 32.202 43.932 70.838 65.605 50.478 22.204 36.878 86.954 87.801 34.886 80.777 61.660 66.708 28.231 31.048 62.650 48.847 74.673 33.015 18.601 46.573 
38.210 34.525 61.984 46.819 28.425 26.249 77.233 39.115 24.515 24.021 106.832 31.257 93.472 101.843 103.697 50.804 44.944   0 81.043 30.414 104.389 42.059 86.163 15.524 19.925 55.444 85.000 76.026 82.873 28.231 6.000 15.297 49.041 79.429 52.202 33.541 51.108 11.705 56.436 83.259 48.703 27.514 11.180 32.894 16.763 65.000 78.102 28.018 93.086 70.235 56.436 94.541 17.493 56.586 92.455 45.122 106.471 63.600 91.005 85.884 51.662 55.902 95.425 10.296 122.319 18.974 20.100 31.401 58.215 67.417 68.819 118.929 75.664 108.167 27.459 49.204 76.400 77.524 104.019 47.885 76.118 32.894 89.554 90.907 24.187 78.409 91.022 86.701 59.908 96.317 92.358 78.447 31.385 36.770 101.119 86.267 87.476 38.079 61.400 5.000 
72.139 91.214 45.188 50.990 68.819 74.061 75.690 43.382 94.895 58.694 95.000 82.492 19.925 125.936 154.029 112.929 52.345 81.043   0 62.426 153.118 82.735 54.037 96.566 82.855 104.738 104.178 24.083 137.535 53.151 79.624 81.302 104.005 136.561 28.862 93.343 56.462 69.376 105.475 56.036 92.022 69.116 79.706 57.428 67.624 83.648 86.649 76.609 81.222 57.280 29.614 130.177 94.541 71.344 96.104 71.470 155.332 17.464 125.706 62.032 42.059 70.491 81.056 71.063 123.329 62.097 76.026 67.007 115.278 89.471 28.425 110.018 12.369 130.920 93.005 39.812 41.195 61.984 149.251 84.386 9.487 89.454 14.560 80.399 59.506 30.000 138.452 139.946 21.190 129.248 102.616 117.346 79.025 44.721 93.193 84.723 124.531 84.959 58.600 85.071 
14.036 29.000 32.388 17.117 6.403 11.662 48.270 20.809 33.526 13.342 77.987 54.644 79.209 82.298 97.170 50.912 15.133 30.414 62.426   0 96.933 24.042 55.973 43.174 21.587 45.618 62.370 50.448 78.390 25.020 33.601 41.725 43.012 76.551 37.014 60.828 58.009 24.083 46.519 52.924 33.838 43.863 22.361 5.000 14.213 39.850 51.430 14.213 63.640 39.825 47.413 79.630 36.014 28.653 65.765 60.440 99.161 46.690 75.425 55.471 50.220 27.785 65.795 26.173 96.607 21.932 42.202 5.385 54.406 43.932 61.294 91.022 53.666 88.459 55.973 45.607 47.265 47.170 94.557 28.284 55.073 58.898 74.330 61.522 11.402 51.352 82.280 81.413 42.450 80.225 67.417 64.133 17.029 28.862 72.622 58.009 72.835 24.187 31.064 31.623 
83.672 71.589 108.853 102.728 91.417 87.932 85.428 117.273 80.100 108.157 92.358 135.093 172.261 43.738 3.162 54.000 101.710 104.389 153.118 96.933   0 73.007 114.477 100.180 86.313 51.546 56.939 132.774 22.204 120.208 110.368 119.151 56.089 26.683 132.823 134.134 152.082 109.836 50.596 110.114 63.159 131.240 95.037 101.237 102.108 70.767 73.600 84.770 92.661 100.409 144.180 28.231 89.000 82.006 74.250 149.215 2.236 140.656 31.765 106.400 146.731 82.801 95.294 110.476 78.058 113.265 124.487 91.548 46.174 65.069 157.991 90.427 141.605 45.044 127.142 142.338 118.802 100.005 7.000 69.771 144.031 135.015 166.976 91.417 106.254 129.557 14.765 18.111 136.565 31.623 65.795 36.125 80.957 125.591 87.464 82.152 30.806 73.055 95.776 100.180 
10.817 14.318 42.953 31.890 19.105 17.263 40.497 44.283 28.178 36.222 68.264 72.111 100.896 60.638 73.348 31.780 30.414 42.059 82.735 24.042 73.007   0 60.208 48.104 22.804 22.204 42.942 66.038 55.218 48.374 47.424 56.859 21.633 53.907 60.033 75.591 81.222 41.976 23.022 56.080 9.849 63.953 30.887 28.231 32.249 24.207 37.802 14.560 56.462 42.190 71.176 56.080 36.401 21.095 51.662 81.615 75.240 68.600 52.010 56.080 74.216 21.024 59.237 43.417 80.604 43.046 59.775 18.682 32.650 25.612 85.000 78.746 72.346 66.940 69.462 69.642 56.921 47.043 70.520 5.831 74.330 74.733 95.776 54.231 34.234 64.846 58.310 57.983 64.405 57.009 50.606 40.311 10.770 52.887 62.129 47.508 49.163 5.385 33.541 40.224 
54.148 74.027 24.698 39.395 59.666 64.133 29.069 53.907 85.376 64.008 41.049 105.000 73.110 78.816 116.211 90.802 41.231 86.163 54.037 55.973 114.477 60.208   0 99.040 75.133 76.538 58.728 30.265 104.709 69.029 88.566 95.383 79.831 105.551 55.758 113.442 93.231 77.827 76.844 4.472 65.513 91.679 78.160 53.310 69.462 45.618 41.037 64.630 28.160 18.028 67.535 87.693 90.609 39.623 45.651 103.325 116.516 53.488 83.487 8.944 79.076 39.459 27.459 80.062 69.871 72.719 93.744 56.515 88.888 50.606 75.895 56.000 42.297 82.680 109.772 74.330 14.318 14.765 109.124 57.871 45.277 110.680 68.029 27.857 63.063 24.083 101.020 105.816 51.894 85.586 53.535 79.057 64.195 65.054 39.812 34.670 83.738 65.069 27.019 87.596 
47.508 36.620 75.505 60.208 39.560 35.777 86.822 54.452 22.361 39.115 115.802 36.688 108.747 104.235 99.045 46.390 58.249 15.524 96.566 43.174 100.180 48.104 99.040   0 25.807 55.543 89.811 91.022 78.058 43.658 18.028 22.472 48.104 74.000 67.720 34.000 63.127 27.203 56.462 95.818 52.202 38.419 20.881 46.530 31.016 72.250 85.796 36.359 102.927 82.280 71.554 94.578 12.530 66.038 99.765 54.120 102.122 79.120 91.548 97.862 65.803 65.513 105.475 25.632 128.316 34.482 29.411 42.720 54.918 73.553 83.528 126.811 91.082 110.476 27.000 63.812 90.255 89.157 100.841 53.740 91.591 35.228 104.924 100.703 39.013 93.086 87.966 82.098 75.432 96.933 98.412 78.924 38.601 52.202 109.809 95.000 87.664 43.139 73.164 12.000 
21.932 15.000 53.000 38.118 16.031 11.045 61.057 39.661 12.083 25.456 90.000 50.990 98.407 81.933 85.907 34.438 36.125 19.925 82.855 21.587 86.313 22.804 75.133 25.807   0 36.014 65.513 72.035 65.521 36.056 25.710 35.171 30.265 62.626 55.606 53.310 66.098 23.537 37.014 71.589 28.792 45.100 9.055 26.249 17.205 46.669 60.141 10.770 77.175 57.723 63.702 74.813 15.524 40.311 74.250 63.127 88.459 66.287 71.197 73.082 62.769 39.825 79.756 24.187 103.407 27.731 39.205 19.000 40.522 48.415 77.337 101.178 74.847 88.255 46.957 59.076 68.000 64.195 85.376 28.601 76.059 52.811 93.814 74.947 24.083 72.835 72.443 69.123 62.129 76.485 73.410 58.694 12.806 43.278 84.024 69.203 67.742 18.358 48.508 17.493 
33.015 21.024 63.246 53.759 39.925 36.401 51.157 66.242 33.242 56.613 73.246 86.701 123.065 49.092 51.624 16.763 52.402 55.444 104.738 45.618 51.546 22.204 76.538 55.543 36.014   0 38.588 87.006 33.015 68.680 61.400 70.711 7.810 31.828 82.152 87.801 100.807 59.135 1.000 72.125 12.728 81.025 45.044 50.120 50.804 32.140 43.290 33.242 65.123 59.237 93.022 39.294 43.081 37.577 53.759 99.045 53.759 90.802 36.056 70.612 95.189 38.013 68.118 60.033 77.201 61.984 75.166 40.249 12.369 29.069 106.892 80.112 94.069 55.227 81.043 90.824 76.059 62.097 49.820 20.616 96.167 87.864 117.924 63.071 54.708 85.147 37.108 35.847 86.608 41.437 49.193 23.409 29.411 74.095 66.940 54.332 32.280 21.541 51.884 51.971 
49.041 53.263 59.135 59.135 59.775 59.615 30.000 78.006 68.015 75.710 38.053 114.769 124.064 21.840 59.059 55.009 59.034 85.000 104.178 62.370 56.939 42.942 58.728 89.811 65.513 38.588   0 81.394 52.469 87.132 90.338 99.745 46.043 55.082 90.554 118.533 119.821 84.155 38.079 54.562 37.643 105.650 73.824 64.630 74.000 23.022 18.028 57.271 35.777 47.413 103.392 29.206 77.466 36.014 18.248 122.723 58.830 95.341 25.239 50.210 110.018 37.014 38.484 85.796 38.949 83.934 102.318 57.974 48.104 18.439 116.108 42.059 91.924 27.295 112.379 105.005 65.513 45.000 51.039 37.121 94.705 117.631 118.680 34.482 73.756 77.026 44.944 52.173 91.782 26.870 11.180 25.080 53.666 89.202 32.249 25.239 26.401 47.170 45.880 83.006 
56.356 76.968 24.042 34.928 56.321 61.685 52.202 37.336 83.934 52.010 71.028 86.539 43.738 102.956 133.959 97.617 36.770 76.026 24.083 50.448 132.774 66.038 30.265 91.022 72.035 87.006 81.394   0 118.929 51.662 76.420 80.808 87.664 118.562 31.064 96.462 67.941 65.276 87.618 32.000 74.404 72.615 71.449 45.891 60.075 62.201 63.561 63.569 57.140 34.015 40.361 108.453 85.988 50.931 72.277 80.449 134.952 25.000 104.010 38.000 53.038 50.210 57.009 67.365 99.247 58.549 77.201 53.759 98.473 68.007 46.519 86.093 12.042 107.703 94.372 48.918 17.117 38.079 128.406 66.400 15.033 93.048 38.471 56.321 52.010 6.325 118.343 120.934 24.759 107.187 79.057 96.675 65.000 44.944 69.116 60.877 103.228 69.354 37.014 79.025 
66.030 51.264 94.921 86.556 72.471 68.447 76.557 99.126 58.421 88.640 90.449 113.283 156.029 48.083 21.000 32.140 85.276 82.873 137.535 78.390 22.204 55.218 104.709 78.058 65.521 33.015 52.469 118.929   0 100.464 88.814 97.417 35.847 5.000 115.122 112.040 131.605 89.022 32.202 100.240 45.607 110.023 73.980 83.006 81.933 59.169 65.788 65.307 87.092 88.752 125.782 31.016 67.067 68.250 70.711 127.906 24.083 123.810 31.780 97.509 127.236 68.884 89.989 89.499 83.199 92.973 102.956 73.062 25.000 54.120 139.671 92.195 126.621 52.000 105.043 123.065 106.607 89.944 24.166 53.151 128.818 113.004 150.864 85.440 86.816 116.516 13.454 4.123 119.620 35.114 63.198 27.459 61.717 106.452 84.717 75.961 28.284 54.203 82.620 78.518 
39.000 49.244 44.598 32.450 29.275 32.280 69.771 15.264 46.755 12.166 98.793 36.056 65.299 107.299 120.167 70.328 31.385 28.231 53.151 25.020 120.208 48.374 69.029 43.658 36.056 68.680 87.132 51.662 100.464   0 26.476 29.275 64.622 97.990 24.331 45.188 33.000 16.553 69.642 67.268 57.871 22.672 29.698 22.561 18.868 64.327 74.947 35.440 83.762 56.851 28.601 104.389 43.600 52.202 88.955 36.674 122.413 35.693 100.245 71.421 26.833 51.245 85.446 18.028 119.971 9.434 25.632 30.017 75.644 68.731 41.725 112.770 49.010 113.442 42.720 23.022 56.604 64.661 118.360 53.085 49.041 42.059 61.327 81.835 14.142 55.362 105.773 103.817 32.249 105.119 91.482 88.685 39.294 8.544 94.021 80.056 97.514 47.297 49.930 32.650 
42.802 40.447 64.078 49.193 32.558 31.064 81.320 39.115 30.414 25.000 111.018 25.318 91.000 107.517 109.659 56.719 47.413 6.000 79.624 33.601 110.368 47.424 88.566 18.028 25.710 61.400 90.338 76.420 88.814 26.476   0 9.487 55.036 85.329 50.804 28.302 46.043 11.180 62.394 85.884 54.406 21.932 16.763 35.355 19.416 69.893 82.801 33.121 97.000 73.246 53.712 100.449 22.847 60.877 97.201 39.294 112.446 62.169 96.881 88.837 47.802 60.141 99.247 9.055 127.318 18.000 14.142 35.355 64.195 72.560 65.513 123.434 75.107 113.842 22.672 45.793 78.109 80.709 110.018 53.226 75.326 27.313 87.316 94.847 25.632 79.246 97.021 92.655 58.694 102.181 97.417 84.345 36.674 34.928 105.418 90.609 93.381 43.658 64.637 10.440 
51.865 49.820 70.711 56.303 41.400 40.311 89.872 43.681 39.051 31.385 119.604 16.031 90.802 117.004 118.343 65.276 54.644 15.297 81.302 41.725 119.151 56.859 95.383 22.472 35.171 70.711 99.745 80.808 97.417 29.275 9.487   0 64.195 93.771 53.000 19.209 41.012 17.804 71.701 92.962 63.891 16.279 26.249 42.802 27.586 79.076 91.837 42.485 105.361 80.802 53.600 109.836 30.594 69.656 106.254 31.780 121.202 64.070 106.301 96.260 45.618 68.884 107.517 15.620 136.528 22.847 7.071 44.045 73.027 81.884 64.078 132.280 78.160 123.329 14.422 44.598 84.172 88.408 119.004 62.650 78.026 17.889 87.556 103.238 32.450 84.202 106.005 101.316 61.000 111.611 106.677 93.744 46.098 37.014 114.110 99.358 102.772 53.141 72.471 19.000 
31.890 15.524 64.413 53.413 36.892 32.650 56.036 63.820 25.962 52.802 79.699 80.225 121.754 56.859 55.785 11.045 51.856 49.041 104.005 43.012 56.089 21.633 79.831 48.104 30.265 7.810 46.043 87.664 35.847 64.622 55.036 64.195   0 33.615 80.000 80.808 96.047 53.759 8.602 75.505 14.318 75.326 39.115 47.802 46.174 37.121 49.244 29.530 70.711 62.097 90.211 46.487 35.735 40.262 60.539 93.343 58.249 89.275 43.463 74.545 91.389 40.522 73.682 54.452 84.812 57.280 69.000 37.802 11.402 34.928 104.101 87.207 93.862 62.968 73.980 87.235 78.000 65.765 55.145 22.136 95.776 81.049 116.726 68.593 50.990 86.354 42.190 39.217 85.041 48.847 56.436 30.871 26.077 70.661 73.376 60.208 39.560 19.105 54.083 45.277 
64.661 48.754 94.641 85.586 70.491 66.242 77.833 97.350 54.918 86.313 93.134 109.554 154.797 52.202 25.179 28.636 84.220 79.429 136.561 76.551 26.683 53.907 105.551 74.000 62.626 31.828 55.082 118.562 5.000 97.990 85.329 93.771 33.615   0 113.464 108.000 128.705 86.023 31.113 101.079 44.553 106.733 70.880 81.271 79.310 59.933 67.446 63.135 89.051 89.185 123.822 35.341 63.285 68.242 73.246 124.535 28.443 122.442 35.735 98.615 124.812 68.819 91.984 86.400 87.092 90.250 99.464 71.281 22.361 55.154 137.713 95.525 125.873 56.365 101.000 120.748 106.780 90.802 29.069 52.345 127.988 109.073 149.683 87.321 84.534 116.400 18.385 8.944 118.229 39.395 66.008 30.017 59.682 104.235 87.281 77.878 32.016 52.431 82.662 74.967 
49.244 65.856 35.171 31.575 43.278 48.104 66.483 16.279 67.424 30.529 92.347 56.321 42.802 112.147 133.297 87.784 32.016 52.202 28.862 37.014 132.823 60.033 55.758 67.720 55.606 82.152 90.554 31.064 115.122 24.331 50.804 53.000 80.000 113.464   0 66.708 37.643 40.522 83.006 55.471 69.836 42.450 51.478 32.202 39.446 67.897 75.000 50.990 77.201 49.477 13.038 112.929 66.189 54.745 87.367 49.406 135.059 11.402 108.522 60.836 23.324 53.759 78.109 42.202 117.546 33.242 48.260 42.202 91.400 73.348 25.710 107.280 25.495 117.835 65.490 18.601 41.617 56.613 129.865 63.071 25.080 63.063 38.275 75.690 31.623 36.235 118.068 117.992 8.000 112.792 92.005 98.433 54.037 16.031 88.769 76.792 106.569 61.033 46.098 56.303 
71.028 67.357 88.752 74.813 60.605 59.363 109.041 60.374 54.918 49.820 138.773 11.045 99.609 135.192 133.034 80.225 73.246 33.541 93.343 60.828 134.134 75.591 113.442 34.000 53.310 87.801 118.533 96.462 112.040 45.188 28.302 19.209 80.808 108.000 66.708   0 43.324 36.770 88.769 111.252 82.079 24.331 44.721 61.620 46.755 98.184 111.018 61.400 124.459 99.489 64.031 127.094 45.398 88.865 125.431 28.653 136.092 76.942 123.762 114.809 53.235 88.091 126.574 34.655 155.618 40.804 19.723 63.253 88.566 100.846 71.701 151.489 92.195 141.510 7.000 54.000 101.597 107.168 134.629 81.413 91.591 4.123 97.185 122.348 51.088 100.464 121.696 116.069 74.525 129.120 125.718 111.126 64.885 51.546 133.304 118.562 120.071 71.589 91.351 36.056 
72.000 80.523 71.120 62.642 62.129 64.630 100.245 43.012 74.733 45.044 128.035 32.696 58.078 140.228 151.832 100.305 62.097 51.108 56.462 58.009 152.082 81.222 93.231 63.127 66.098 100.807 119.821 67.941 131.605 33.000 46.043 41.012 96.047 128.705 37.643 43.324   0 42.720 101.789 92.650 90.554 24.759 57.940 55.227 50.010 96.876 106.733 67.742 112.805 85.000 28.018 137.295 68.600 84.345 120.333 16.000 154.260 43.600 133.184 97.755 15.000 83.361 114.061 42.544 151.242 38.833 33.941 63.008 106.607 101.494 30.265 142.618 59.641 146.342 46.065 19.105 79.202 92.574 150.625 86.052 57.983 39.217 56.569 111.086 47.043 73.539 137.873 135.163 43.186 138.091 123.556 121.499 71.701 31.048 123.859 110.680 130.384 79.762 79.712 56.080 
35.341 38.328 53.226 38.588 24.597 24.739 72.346 28.018 32.249 13.928 102.069 30.887 81.841 102.611 109.444 57.585 36.892 11.705 69.376 24.083 109.836 41.976 77.827 27.203 23.537 59.135 84.155 65.276 89.022 16.553 11.180 17.804 53.759 86.023 40.522 36.770 42.720   0 60.133 75.293 50.249 22.091 15.232 25.000 10.296 62.610 74.947 27.459 87.693 63.008 44.944 97.185 27.586 52.431 89.359 40.012 111.987 51.923 93.343 78.492 41.110 51.614 89.805 2.236 119.954 7.280 18.358 26.926 64.031 65.924 57.628 115.000 64.281 108.908 32.202 38.210 67.067 70.605 108.780 47.539 64.630 34.828 77.878 85.586 14.765 68.066 95.885 92.650 48.270 98.509 90.338 81.099 31.401 25.080 96.675 82.006 90.139 39.205 54.672 16.125 
33.838 22.023 63.820 54.489 40.853 37.363 51.245 67.119 34.176 57.567 73.007 87.693 123.847 48.260 50.695 17.088 53.151 56.436 105.475 46.519 50.596 23.022 76.844 56.462 37.014 1.000 38.079 87.618 32.202 69.642 62.394 71.701 8.602 31.113 83.006 88.769 101.789 60.133   0 72.422 13.454 82.024 46.043 51.000 51.788 32.249 43.186 34.205 65.069 59.615 93.915 38.328 44.011 38.013 53.451 100.045 52.811 91.608 35.114 70.831 96.135 38.471 68.066 61.033 76.609 62.968 76.164 41.146 12.166 29.017 107.782 79.706 94.763 54.378 82.006 91.761 76.538 62.362 48.836 21.260 96.876 88.843 118.697 63.032 55.660 85.703 36.139 34.986 87.419 40.497 48.754 22.472 30.364 75.027 66.708 54.231 31.321 22.472 52.355 52.953 
50.359 70.000 22.672 36.715 56.321 60.638 24.759 52.326 81.615 61.587 39.051 103.078 75.425 74.887 111.826 86.493 38.471 83.259 56.036 52.924 110.114 56.080 4.472 95.818 71.589 72.125 54.562 32.000 100.240 67.268 85.884 92.962 75.505 101.079 55.471 111.252 92.650 75.293 72.422   0 61.188 89.939 74.947 50.537 66.641 41.146 36.770 61.000 25.318 14.036 67.624 83.439 87.098 35.355 42.048 102.176 112.161 54.120 79.209 6.000 78.772 35.228 25.020 77.524 67.365 70.456 91.608 53.160 84.481 46.141 76.655 54.148 44.011 78.892 107.378 73.926 15.133 10.296 104.805 53.600 47.011 108.600 70.257 24.739 60.539 26.077 96.607 101.356 52.202 81.394 49.739 74.632 60.407 63.781 37.216 30.887 79.398 61.008 23.195 84.504 
20.591 15.620 50.774 41.037 28.636 26.019 42.297 54.129 30.414 45.706 67.624 79.555 110.422 53.141 63.506 25.318 39.699 48.703 92.022 33.838 63.159 9.849 65.513 52.202 28.792 12.728 37.643 74.404 45.607 57.871 54.406 63.891 14.318 44.553 69.836 82.079 90.554 50.249 13.454 61.188   0 72.339 37.643 38.079 41.000 23.770 36.770 23.000 57.489 47.802 81.025 47.011 39.825 25.962 49.396 90.200 65.391 78.237 43.105 60.299 83.934 26.249 60.415 51.478 76.381 52.038 67.469 28.460 24.187 22.825 94.847 76.551 81.345 59.464 75.644 79.404 63.977 51.478 60.729 8.062 83.439 81.597 105.262 55.317 43.738 72.719 48.466 48.260 74.061 48.260 46.755 31.016 19.000 62.642 61.327 47.434 40.000 11.045 39.925 46.098 
56.613 60.075 67.268 54.672 45.880 46.690 91.269 37.802 51.923 30.887 120.673 13.928 76.485 124.535 130.698 78.102 53.413 27.514 69.116 43.863 131.240 63.953 91.679 38.419 45.100 81.025 105.650 72.615 110.023 22.672 21.932 16.279 75.326 106.733 42.450 24.331 24.759 22.091 82.024 89.939 72.339   0 36.222 43.046 31.780 83.570 95.273 49.497 105.802 79.310 40.050 119.269 44.777 72.450 109.567 18.028 133.360 52.612 115.434 94.048 30.364 71.554 107.615 21.000 140.460 21.932 9.220 47.760 85.159 87.281 49.041 134.302 67.912 130.817 24.187 30.265 79.057 87.115 130.465 69.426 67.268 20.616 73.682 103.812 32.650 76.922 117.516 113.772 50.220 120.599 111.234 103.175 53.460 27.731 115.663 101.356 112.219 61.294 72.007 32.311 
27.659 24.021 54.745 39.459 18.788 15.620 67.007 36.401 17.205 21.024 96.426 41.976 94.032 90.758 94.541 42.379 37.483 11.180 79.706 22.361 95.037 30.887 78.160 20.881 9.055 45.044 73.824 71.449 73.980 29.698 16.763 26.249 39.115 70.880 51.478 44.721 57.940 15.232 46.043 74.947 37.643 36.222   0 26.019 12.083 54.037 67.268 17.029 83.006 61.465 58.138 83.863 14.866 46.228 81.566 54.231 97.165 62.610 80.231 77.078 55.803 45.607 85.446 15.524 111.252 20.616 30.150 21.932 49.031 56.303 71.421 108.208 72.801 97.082 38.588 52.498 69.584 68.447 94.260 36.715 73.682 44.011 89.694 80.802 20.248 73.027 81.302 77.666 58.600 85.510 81.271 67.742 20.248 37.643 90.609 75.743 76.792 26.926 52.393 10.000 
17.720 33.971 29.120 13.928 11.402 16.643 48.260 16.125 38.275 12.207 77.801 54.672 74.250 85.053 101.553 55.866 12.083 32.894 57.428 5.000 101.237 28.231 53.310 46.530 26.249 50.120 64.630 45.891 83.006 22.561 35.355 42.802 47.802 81.271 32.202 61.620 55.227 25.000 51.000 50.537 38.079 43.046 26.019   0 16.155 41.773 52.555 19.209 63.127 38.013 42.953 83.187 40.200 29.732 66.708 58.873 103.470 41.725 78.918 53.535 46.530 28.792 65.115 27.203 97.693 21.401 42.450 10.000 59.203 46.271 56.798 91.269 48.754 91.137 57.201 41.773 43.738 45.607 98.681 32.016 50.120 59.397 69.354 61.074 10.630 47.096 86.539 85.959 37.483 83.600 68.964 67.912 21.932 25.179 72.670 58.310 76.485 28.844 29.732 34.713 
25.080 30.676 45.222 30.083 14.318 15.033 62.290 24.352 28.320 8.944 92.022 41.183 82.098 92.763 101.922 51.478 28.231 16.763 67.624 14.213 102.108 32.249 69.462 31.016 17.205 50.804 74.000 60.075 81.933 18.868 19.416 27.586 46.174 79.310 39.446 46.755 50.010 10.296 51.788 66.641 41.000 31.780 12.083 16.155   0 52.326 64.661 18.000 77.795 53.852 46.669 88.006 26.926 42.202 79.076 49.366 104.293 50.537 84.054 69.462 45.651 41.400 79.981 12.207 109.659 11.180 28.653 16.643 57.009 55.714 60.208 104.809 60.877 99.040 41.773 41.881 59.666 61.294 100.623 37.656 61.685 45.000 77.698 75.664 8.246 62.073 87.864 85.381 46.519 89.140 80.056 72.007 22.000 26.173 86.556 71.840 81.000 30.017 45.222 19.026 
27.295 37.590 38.588 36.346 38.013 38.833 19.026 55.000 52.154 53.160 44.294 93.477 103.315 44.283 72.125 48.042 36.125 65.000 83.648 39.850 70.767 24.207 45.618 72.250 46.669 32.140 23.022 62.201 59.169 64.327 69.893 79.076 37.121 59.933 67.897 98.184 96.876 62.610 32.249 41.146 23.770 83.570 54.037 41.773 52.326   0 13.601 37.014 33.734 29.833 80.623 46.530 60.605 13.153 27.586 100.285 72.918 73.376 42.059 38.897 87.006 14.142 36.674 64.413 57.454 61.685 80.951 35.847 44.407 5.831 93.557 54.562 71.694 50.090 92.418 82.000 48.104 30.871 66.219 18.868 74.303 96.897 97.944 31.575 51.245 58.796 56.586 60.465 69.642 45.695 27.731 34.655 33.971 66.189 38.079 23.770 41.049 29.411 25.239 63.781 
40.000 51.108 41.976 44.407 50.478 51.856 12.042 63.953 65.734 64.475 30.871 105.816 106.569 39.395 75.452 59.841 44.721 78.102 86.649 51.430 73.600 37.802 41.037 85.796 60.141 43.290 18.028 63.561 65.788 74.947 82.801 91.837 49.244 67.446 75.000 111.018 106.733 74.947 43.186 36.770 36.770 95.273 67.268 52.555 64.661 13.601   0 50.249 22.023 29.547 88.006 46.669 74.202 22.847 14.422 111.427 75.604 78.772 42.450 32.802 95.755 23.770 25.020 76.851 45.188 73.348 93.295 48.021 55.036 14.318 100.180 41.037 74.330 44.272 105.423 90.670 47.508 27.019 68.118 32.450 77.162 109.554 101.193 20.100 62.650 59.059 60.539 66.310 75.425 44.688 17.029 38.910 47.381 75.710 24.597 11.045 42.802 43.012 29.155 77.104 
11.180 14.866 43.186 28.862 7.810 3.162 50.478 34.713 21.024 23.409 79.649 57.585 93.381 75.186 84.758 36.797 26.926 28.018 76.609 14.213 84.770 14.560 64.630 36.359 10.770 33.242 57.271 63.569 65.307 35.440 33.121 42.485 29.530 63.135 50.990 61.400 67.742 27.459 34.205 61.000 23.000 49.497 17.029 19.209 18.000 37.014 50.249   0 66.573 47.074 60.745 70.007 26.249 29.682 64.537 67.268 86.977 60.877 66.068 62.362 62.032 29.155 69.116 28.862 94.303 29.069 45.222 9.849 40.817 39.446 74.626 91.220 67.602 81.492 55.471 57.775 58.138 53.451 82.976 20.248 69.116 60.374 88.527 64.351 21.541 63.789 70.342 68.542 56.639 71.176 64.351 54.009 4.000 41.146 73.756 58.898 63.000 12.042 37.855 26.870 
55.471 70.576 42.059 51.313 64.661 67.424 16.125 70.235 84.581 75.286 15.232 117.796 100.717 53.038 94.826 81.498 52.431 93.086 81.222 63.640 92.661 56.462 28.160 102.927 77.175 65.123 35.777 57.140 87.092 83.762 97.000 105.361 70.711 89.051 77.201 124.459 112.805 87.693 65.069 25.318 57.489 105.802 83.006 63.127 77.795 33.734 22.023 66.573   0 27.857 89.989 64.661 92.179 36.892 19.105 120.221 94.515 77.782 60.902 19.416 99.960 37.443 3.000 89.805 42.107 84.504 105.551 61.717 77.006 36.056 100.285 30.083 69.065 56.080 119.553 94.921 40.050 20.616 86.608 51.865 72.062 122.430 95.525 2.236 73.756 51.352 80.623 87.281 75.313 61.855 27.659 59.775 64.498 82.298 12.000 11.180 62.169 61.847 33.838 93.005 
36.346 56.009 14.318 24.759 42.720 46.840 18.439 42.720 67.602 49.679 43.081 91.935 77.201 68.942 101.863 73.007 26.249 70.235 57.280 39.825 100.409 42.190 18.028 82.280 57.723 59.237 47.413 34.015 88.752 56.851 73.246 80.802 62.097 89.185 49.477 99.489 85.000 63.008 59.615 14.036 47.802 79.310 61.465 38.013 53.852 29.833 29.547 47.074 27.857   0 62.370 75.000 73.246 21.840 39.205 92.914 102.533 51.010 70.605 15.652 72.111 21.587 29.069 65.215 68.359 58.796 80.056 39.560 71.512 35.384 73.246 57.871 44.922 73.736 95.210 67.067 18.439 7.810 95.588 40.025 47.802 97.082 71.840 26.249 48.415 29.682 86.371 90.211 48.166 73.498 45.354 64.382 46.390 54.708 39.294 28.018 70.178 47.043 9.220 71.176 
60.539 75.452 48.052 44.283 53.339 57.689 79.511 26.926 74.967 38.288 105.081 53.085 37.336 124.904 144.506 97.201 44.553 56.436 29.614 47.413 144.180 71.176 67.535 71.554 63.702 93.022 103.392 40.361 125.782 28.601 53.712 53.600 90.211 123.822 13.038 64.031 28.018 44.944 93.915 67.624 81.025 40.050 58.138 42.953 46.669 80.623 88.006 60.745 89.989 62.370   0 125.160 72.201 67.476 100.404 42.154 146.414 15.620 120.785 73.164 13.038 66.483 90.802 46.141 130.541 38.013 47.676 52.773 101.548 85.988 13.892 120.071 31.623 130.648 64.195 10.198 53.235 69.376 141.510 74.673 30.017 60.075 33.956 88.527 39.825 46.228 129.468 128.825 15.811 125.172 105.019 110.368 64.140 20.518 101.637 89.805 118.680 71.589 59.135 61.057 
65.620 60.017 85.088 81.597 75.166 73.000 58.694 98.489 72.422 92.266 64.195 125.766 149.817 17.263 30.676 50.249 80.957 94.541 130.177 79.630 28.231 56.080 87.693 94.578 74.813 39.294 29.206 108.453 31.016 104.389 100.449 109.836 46.487 35.341 112.929 127.094 137.295 97.185 38.328 83.439 47.011 119.269 83.863 83.187 88.006 46.530 46.669 70.007 64.661 75.000 125.160   0 82.219 59.093 46.065 137.179 29.967 119.403 4.472 79.310 129.711 60.008 67.231 98.326 52.612 99.005 113.991 74.431 41.340 40.706 138.600 63.198 118.207 21.024 120.333 124.952 93.408 73.593 21.954 51.352 120.830 127.122 144.451 63.514 90.272 104.623 19.105 28.862 115.521 4.123 37.577 16.125 66.008 108.342 59.237 54.406 7.071 58.034 71.694 91.220 
37.336 24.207 68.118 53.009 31.145 26.476 76.059 51.264 9.849 35.847 104.561 46.271 108.559 91.706 88.051 35.000 51.010 17.493 94.541 36.014 89.000 36.401 90.609 12.530 15.524 43.081 77.466 85.988 67.067 43.600 22.847 30.594 35.735 63.285 66.189 45.398 68.600 27.586 44.011 87.098 39.825 44.777 14.866 40.200 26.926 60.605 74.202 26.249 92.179 73.246 72.201 82.219   0 55.462 87.966 61.984 91.005 77.389 79.120 88.600 68.622 55.036 94.826 26.907 116.103 34.205 36.688 34.234 43.186 61.555 85.147 115.109 87.641 97.949 38.471 65.795 83.096 79.699 89.275 41.869 88.544 46.043 104.317 89.944 35.114 87.281 76.322 71.028 73.410 84.504 86.279 66.483 27.731 51.865 98.473 83.762 75.273 31.241 64.031 12.530 
