60 3 2 1 

9
7
1
10
3
8
1
3
9
2
8
1
1
2
9
3
9
10
7
5
9
10
1
5
2
7
7
8
6
7
1
4
1
9
1
2
6
10
10
10
2
1
1
10
8
5
5
10
9
6
5
10
7
1
4
1
1
1
7
4


 29 

1 0
1 0
1 1
2 0
1 0
1 1
1 0
1 1
2 0
2 0
1 1
2 1
2 0
3 1
1 1
1 0
2 1
1 0
3 0
1 1
3 1
2 0
1 1
3 1
2 1
3 1
1 1
3 1
3 0
3 1
2 0
1 1
2 1
3 0
1 0
2 0
3 1
1 0
3 0
3 1
1 0
2 1
2 0
1 0
1 0
1 0
1 0
3 1
2 1
3 1
3 0
1 1
3 1
3 0
3 0
3 1
1 0
3 0
3 0
3 1

  3   5  10 
  3   4   5 
  3   8  15 
  3   6   7 
  3   6  15 
  3   7  12 
  3   6   7 
  3   4  13 
  3   5  14 
  3   6  15 
  3   8  11 
  3   8  12 
  3   4   9 
  3   6  10 
  3   9  13 
  3   4  11 
  3   5  14 
  3   5  13 
  3   4  13 
  3   9  12 
  3   8  12 
  3   7  15 
  3   9  11 
  3   4  10 
  3   4   5 
  3   7  14 
  3   6  13 
  3   6  12 
  3   9  10 
  3   9  12 
  3   9  14 
  3   5  11 
  3   4   9 
  3   6   8 
  3   8  10 
  3   6   9 
  3   8  15 
  3   4   8 
  3   7  16 
  3   6  15 
  3   4   5 
  3   8  13 
  3   6  12 
  3   4   8 
  3   7  14 
  3   5  10 
  3   8  10 
  3   6  13 
  3   6  10 
  3   5  13 
  3   7  10 
  3   4  10 
  3   9  15 
  3   4   9 
  3   4  10 
  3   7   9 
  3   5   9 
  3   4   8 
  3   8  14 
  3   8  11 


  0 39.205 116.760 60.407 111.683 73.437 61.814 46.174 67.186 94.191 35.014 129.252 57.940 111.158 63.506 69.771 43.966 49.336 34.234 77.104 93.193 56.036 76.851 22.627 91.417 30.083 21.378 88.193 76.420 72.567 50.695 49.659 70.000 36.497 18.788 60.902 116.103 14.036 47.265 80.100 86.279 42.720 118.068 42.755 76.655 133.150 88.051 33.000 120.950 38.484 24.187 66.219 34.132 4.243 46.098 130.587 118.017 51.245 122.967 50.606 
39.205   0 81.498 34.785 76.420 52.802 33.106 31.765 40.706 69.778 31.953 91.000 31.623 88.549 33.136 38.013 15.556 28.018 36.401 68.118 57.585 17.000 42.202 47.676 52.802 39.319 22.361 49.769 65.000 65.765 50.606 47.127 55.471 27.731 21.260 29.017 83.024 48.415 33.121 52.924 47.508 25.495 80.056 29.206 43.186 97.324 63.071 24.083 81.988 40.200 37.363 29.732 27.166 39.962 29.698 92.477 90.802 37.483 84.119 13.038 
116.760 81.498   0 95.079 5.099 56.586 55.946 75.664 53.000 42.953 111.018 26.173 93.392 49.041 87.361 85.094 72.801 98.005 116.004 132.189 75.802 66.008 77.878 129.124 35.468 120.067 95.509 36.401 127.472 132.563 126.020 86.052 117.953 106.042 98.234 84.404 11.180 120.540 75.293 43.186 56.824 100.319 19.925 104.389 40.162 16.553 43.267 85.615 33.526 91.269 101.518 73.498 85.907 118.849 102.703 25.495 35.511 108.503 31.780 68.469 
60.407 34.785 95.079   0 90.521 83.869 62.370 66.310 70.093 97.185 29.069 95.021 3.162 115.884 8.000 13.000 49.193 11.180 33.242 38.079 37.443 36.069 22.472 54.562 60.017 39.598 53.009 58.694 33.838 37.696 33.956 81.908 23.854 25.239 49.092 10.770 100.305 73.498 67.624 80.056 42.107 17.889 86.145 19.209 65.460 108.342 90.686 58.464 82.389 74.525 69.007 21.587 61.612 58.694 15.620 97.005 114.390 16.155 85.288 40.000 
111.683 76.420 5.099 90.521   0 52.498 50.990 70.831 48.260 40.162 106.042 28.160 88.769 48.094 82.861 80.777 67.720 93.215 111.018 127.812 72.471 61.000 73.790 124.036 31.305 115.039 90.443 31.953 123.130 128.082 121.198 81.566 113.547 101.079 93.145 79.812 12.207 115.551 70.491 38.897 53.000 95.425 20.025 99.504 35.114 21.541 39.825 80.623 33.377 86.533 96.602 68.964 80.957 113.759 97.867 27.857 35.735 103.755 32.062 63.388 
73.437 52.802 56.586 83.869 52.498   0 21.633 27.295 14.318 21.095 83.863 79.076 80.920 37.855 79.057 81.123 37.443 79.931 87.710 120.216 88.769 48.260 79.706 92.179 54.332 89.051 53.367 51.157 116.692 118.258 103.175 30.871 106.832 80.156 58.241 74.632 50.804 72.250 26.173 13.892 68.884 78.243 68.476 82.006 28.018 72.250 15.811 40.792 78.549 38.833 52.154 68.000 39.319 76.792 82.329 79.322 45.398 90.028 78.791 43.932 
61.814 33.106 55.946 62.370 50.990 21.633   0 20.518 7.810 36.674 65.000 72.918 59.464 55.471 57.428 59.540 19.235 59.034 69.289 99.156 68.731 26.627 58.523 77.233 40.249 71.568 40.447 36.674 95.483 97.453 83.648 34.886 85.563 60.836 44.045 53.009 54.342 64.622 20.518 19.925 50.010 57.983 61.555 61.911 16.401 72.498 29.967 29.732 68.600 36.770 45.651 46.519 29.967 64.382 61.855 73.756 58.249 69.405 69.656 22.672 
46.174 31.765 75.664 66.310 70.831 27.295 20.518   0 22.847 48.042 59.548 93.434 63.159 65.115 63.600 67.469 17.464 59.682 62.801 99.403 82.152 36.000 69.181 65.146 59.908 63.285 26.249 56.303 96.519 96.675 79.310 17.029 87.132 56.569 31.385 59.203 72.801 46.098 1.414 34.928 65.970 56.400 82.073 59.666 36.878 92.179 42.012 13.601 88.865 16.279 26.249 56.223 12.042 49.497 60.803 94.260 72.028 68.600 90.028 29.069 
67.186 40.706 53.000 70.093 48.260 14.318 7.810 22.847   0 29.155 72.498 72.250 67.209 47.854 65.000 66.888 26.249 66.843 76.694 106.963 74.733 34.205 65.391 83.726 42.720 78.746 46.011 39.294 103.276 105.262 91.302 34.059 93.349 68.425 50.090 60.605 49.980 68.680 22.361 13.038 55.227 65.734 61.074 69.642 16.553 69.462 22.472 34.366 69.462 38.275 49.041 53.712 33.956 70.029 69.635 72.863 51.478 77.201 70.178 30.480 
94.191 69.778 42.953 97.185 40.162 21.095 36.674 48.042 29.155   0 101.637 68.308 94.493 18.868 91.241 92.022 55.362 95.131 105.849 134.807 94.366 61.221 88.600 112.178 54.120 107.838 73.682 51.865 130.874 133.454 120.308 51.245 120.880 97.509 78.262 87.046 34.409 93.343 47.011 17.205 73.348 94.515 59.228 98.489 32.802 56.613 6.708 61.294 71.449 59.841 73.246 78.568 60.075 97.417 98.270 68.007 24.331 105.688 70.859 58.830 
35.014 31.953 111.018 29.069 106.042 83.863 65.000 59.548 72.498 101.637   0 116.499 27.586 120.341 34.828 41.110 46.530 18.439 5.099 43.324 65.947 45.100 50.000 25.495 78.772 10.817 36.892 76.420 41.976 39.395 19.799 71.218 35.014 5.099 31.385 34.132 113.745 49.000 60.959 84.865 65.924 12.530 106.367 9.899 74.525 126.099 94.937 47.424 105.361 61.294 51.078 43.463 50.329 32.249 13.454 118.258 122.711 16.492 107.968 44.147 
129.252 91.000 26.173 95.021 28.160 79.076 72.918 93.434 72.250 68.308 116.499   0 94.133 75.166 87.023 83.054 86.284 100.717 121.598 129.124 66.761 74.095 74.243 137.877 38.275 126.606 108.908 41.231 124.169 130.553 128.390 106.301 115.525 111.400 110.476 85.212 37.014 135.370 93.381 65.192 53.009 104.561 11.402 108.342 56.586 22.472 67.624 101.020 14.318 109.659 117.801 74.330 102.005 130.614 105.929 2.236 61.074 110.291 11.180 78.721 
57.940 31.623 93.392 3.162 88.769 80.920 59.464 63.159 67.209 94.493 27.586 94.133   0 113.230 7.616 13.601 46.065 9.220 32.016 40.497 38.419 33.302 22.825 53.038 58.549 38.288 50.000 57.070 36.401 39.812 34.366 78.746 26.401 23.431 46.174 9.055 98.351 70.880 64.475 77.337 41.437 15.811 85.024 17.692 62.968 106.921 87.966 55.317 81.744 71.386 66.000 20.100 58.464 56.365 14.213 96.083 112.004 16.279 84.593 37.014 
111.158 88.549 49.041 115.884 48.094 37.855 55.471 65.115 47.854 18.868 120.341 75.166 113.230   0 109.786 110.309 73.926 113.991 124.483 153.600 110.982 80.000 106.405 130.000 69.318 126.289 91.220 67.602 149.626 152.296 139.119 65.192 139.628 116.276 96.047 105.646 38.210 109.018 63.953 36.056 89.889 113.371 68.118 117.337 50.912 58.523 25.554 78.645 81.394 75.000 89.090 96.876 77.104 114.586 117.137 74.330 16.125 124.555 80.156 77.698 
63.506 33.136 87.361 8.000 82.861 79.057 57.428 63.600 65.000 91.241 34.828 87.023 7.616 109.786   0 6.403 46.174 16.401 39.408 45.188 31.145 30.806 15.264 60.141 52.173 45.607 53.460 50.961 40.706 45.222 41.773 79.831 30.871 30.414 50.220 4.472 92.849 75.961 64.846 74.250 34.132 22.627 78.160 25.000 59.034 100.449 84.853 57.219 74.431 73.335 69.354 13.928 60.299 62.266 21.633 89.006 107.615 23.770 77.318 35.777 
69.771 38.013 85.094 13.000 80.777 81.123 59.540 67.469 66.888 92.022 41.110 83.054 13.601 110.309 6.403   0 50.010 22.672 45.607 47.127 24.839 33.106 9.487 66.483 49.649 51.856 59.034 48.847 42.379 47.854 46.840 84.012 32.985 36.770 56.045 9.220 91.236 82.079 68.659 75.286 30.067 29.000 74.673 31.241 59.397 97.514 85.796 62.008 70.064 78.058 74.813 13.454 65.031 68.600 27.803 85.094 107.201 29.155 73.027 38.897 
43.966 15.556 72.801 49.193 67.720 37.443 19.235 17.464 26.249 55.362 46.530 86.284 46.065 73.926 46.174 50.010   0 43.417 50.567 83.630 65.620 19.416 52.010 58.078 49.578 52.498 22.847 46.098 80.430 81.320 65.734 34.132 70.803 42.720 25.495 41.761 72.560 49.092 18.682 39.051 51.078 41.037 74.947 44.688 32.757 89.185 48.703 15.811 79.398 29.833 32.650 39.013 17.889 46.098 45.255 87.464 77.466 53.038 81.056 12.166 
49.336 28.018 98.005 11.180 93.215 79.931 59.034 59.682 66.843 95.131 18.439 100.717 9.220 113.991 16.401 22.672 43.417   0 23.022 40.311 47.508 34.438 31.623 43.841 64.008 29.206 43.417 62.129 37.014 38.419 28.071 74.324 27.459 14.213 39.051 16.155 102.108 62.586 61.057 77.936 48.765 6.708 91.137 8.602 64.885 112.219 88.482 50.329 88.843 66.098 59.304 26.476 53.488 47.539 5.385 102.591 114.061 10.770 91.591 36.401 
34.234 36.401 116.004 33.242 111.018 87.710 69.289 62.801 76.694 105.849 5.099 121.598 32.016 124.483 39.408 45.607 50.567 23.022   0 42.953 70.434 50.040 54.644 21.633 83.863 6.403 39.051 81.498 42.190 38.601 17.493 73.661 36.222 10.198 33.422 38.949 118.609 48.260 64.203 89.196 70.937 17.464 111.463 14.422 79.246 131.137 99.161 50.249 110.440 63.411 52.355 48.466 53.038 31.016 17.804 123.357 127.201 19.235 113.053 48.836 
77.104 68.118 132.189 38.079 127.812 120.216 99.156 99.403 106.963 134.807 43.324 129.124 40.497 153.600 45.188 47.127 83.630 40.311 42.953   0 64.031 73.600 55.109 60.075 96.768 47.265 79.624 95.859 5.000 5.385 27.000 113.018 14.318 44.283 74.324 48.765 138.004 91.082 100.802 117.614 76.688 43.012 121.396 39.962 103.465 144.554 128.226 88.837 115.525 103.769 94.340 59.093 91.924 73.682 38.601 131.240 152.463 30.806 118.609 76.485 
93.193 57.585 75.802 37.443 72.471 88.769 68.731 82.152 74.733 94.366 65.947 66.761 38.419 110.982 31.145 24.839 65.620 47.508 70.434 64.031   0 46.271 16.401 91.285 42.521 76.694 79.850 43.600 59.034 66.370 70.264 99.182 51.624 61.555 77.820 32.650 84.291 104.709 83.096 79.480 21.095 53.759 60.836 56.080 62.394 84.971 89.051 80.050 52.631 95.352 94.868 27.857 82.765 92.418 52.631 68.964 104.350 53.339 55.785 53.460 
56.036 17.000 66.008 36.069 61.000 48.260 26.627 36.000 34.205 61.221 45.100 74.095 33.302 80.000 30.806 33.106 19.416 34.438 50.040 73.600 46.271   0 33.377 64.031 35.847 54.083 37.537 32.894 69.656 72.402 61.400 53.009 59.666 40.200 37.643 26.401 68.731 64.351 37.014 44.045 32.249 35.171 63.246 39.294 30.463 81.394 54.672 34.540 65.000 49.244 50.606 20.616 37.000 56.939 38.275 75.611 79.624 45.188 67.119 7.280 
76.851 42.202 77.878 22.472 73.790 79.706 58.523 69.181 65.391 88.600 50.000 74.243 22.825 106.405 15.264 9.487 52.010 31.623 54.644 55.109 16.401 33.377   0 75.166 42.485 60.803 64.195 42.190 50.220 56.321 56.321 86.093 41.304 45.453 61.847 16.279 84.723 88.549 70.257 72.402 21.587 37.643 66.287 40.224 55.803 89.560 82.662 65.490 61.000 81.222 79.555 13.000 68.359 76.026 36.892 76.322 102.069 38.626 64.008 40.112 
22.627 47.676 129.124 54.562 124.036 92.179 77.233 65.146 83.726 112.178 25.495 137.877 53.038 130.000 60.141 66.483 58.078 43.841 21.633 60.075 91.285 64.031 75.166   0 99.624 15.264 38.897 96.840 60.531 55.009 33.136 71.344 56.321 29.732 33.956 59.034 130.138 34.482 66.408 96.747 89.554 37.537 127.201 35.384 90.089 145.000 105.721 51.546 127.769 60.208 46.400 67.417 53.488 18.385 38.949 139.474 135.204 40.817 130.173 60.671 
91.417 52.802 35.468 60.017 31.305 54.332 40.249 59.908 42.720 54.120 78.772 38.275 58.549 69.318 52.173 49.649 49.578 64.008 83.863 96.768 42.521 35.847 42.485 99.624   0 88.645 71.610 3.606 92.027 97.268 92.049 75.133 82.565 73.682 72.719 49.497 42.438 98.407 60.208 42.012 22.023 67.186 27.659 71.113 26.476 48.374 49.820 65.054 29.833 76.026 82.024 38.471 66.528 92.590 69.007 39.850 61.847 74.169 31.623 40.817 
30.083 39.319 120.067 39.598 115.039 89.051 71.568 63.285 78.746 107.838 10.817 126.606 38.288 126.289 45.607 51.856 52.498 29.206 6.403 47.265 76.694 54.083 60.803 15.264 88.645   0 38.288 86.145 47.000 42.579 20.616 72.863 41.773 15.652 32.650 44.944 122.201 43.932 64.661 91.482 76.557 23.324 116.297 20.616 82.492 135.447 101.193 50.220 115.741 62.241 50.220 54.129 52.802 26.476 24.083 128.320 129.757 25.554 118.296 52.154 
21.378 22.361 95.509 53.009 90.443 53.367 40.447 26.249 46.011 73.682 36.892 108.908 50.000 91.220 53.460 59.034 22.847 43.417 39.051 79.624 79.850 37.537 64.195 38.897 71.610 38.288   0 68.242 77.621 76.059 56.400 34.655 69.260 35.341 5.657 49.820 94.726 26.907 27.514 59.000 69.405 38.079 97.617 40.162 55.362 111.946 67.365 12.649 101.400 24.413 16.000 52.000 14.765 24.021 42.450 110.145 97.185 49.649 103.228 31.145 
88.193 49.769 36.401 58.694 31.953 51.157 36.674 56.303 39.294 51.865 76.420 41.231 57.070 67.602 50.961 48.847 46.098 62.129 81.498 95.859 43.600 32.894 42.190 96.840 3.606 86.145 68.242   0 91.181 96.167 90.200 71.554 81.597 71.344 69.462 48.052 42.544 95.000 56.604 39.115 22.672 65.031 30.364 69.007 23.195 50.090 47.297 61.522 33.302 72.422 78.492 37.108 62.968 89.443 67.030 42.720 60.877 72.443 35.000 37.590 
76.420 65.000 127.472 33.838 123.130 116.692 95.483 96.519 103.276 130.874 41.976 124.169 36.401 149.626 40.706 42.379 80.430 37.014 42.190 5.000 59.034 69.656 50.220 60.531 92.027 47.000 77.621 91.181   0 8.602 27.459 110.535 10.000 42.379 72.450 44.418 133.417 90.449 97.908 113.701 71.805 40.311 116.499 37.577 99.298 139.718 124.326 86.354 110.549 101.553 92.655 54.562 89.471 73.171 35.847 126.289 148.189 28.178 113.635 72.835 
72.567 65.765 132.563 37.696 128.082 118.258 97.453 96.675 105.262 133.454 39.395 130.553 39.812 152.296 45.222 47.854 81.320 38.419 38.601 5.385 66.370 72.402 56.321 55.009 97.268 42.579 76.059 96.167 8.602   0 22.091 109.836 15.033 40.817 70.661 48.466 137.993 86.493 98.082 116.250 77.782 40.361 122.483 37.014 102.577 145.344 126.827 85.703 117.154 100.344 90.471 59.135 88.752 69.051 36.069 132.639 151.717 28.284 120.204 74.813 
50.695 50.606 126.020 33.956 121.198 103.175 83.648 79.310 91.302 120.308 19.799 128.390 34.366 139.119 41.773 46.840 65.734 28.071 17.493 27.000 70.264 61.400 56.321 33.136 92.049 20.616 56.400 90.200 27.459 22.091   0 90.907 24.698 23.022 50.804 43.186 129.838 64.537 80.722 103.315 75.802 26.249 119.038 22.136 91.706 140.289 113.600 67.209 116.108 80.802 69.836 54.083 70.093 47.074 23.345 130.311 140.577 18.111 118.950 61.847 
49.659 47.127 86.052 81.908 81.566 30.871 34.886 17.029 34.059 51.245 71.218 106.301 78.746 65.192 79.831 84.012 34.132 74.324 73.661 113.018 99.182 53.009 86.093 71.344 75.133 72.863 34.655 71.554 110.535 109.836 90.907   0 101.518 69.065 40.311 75.505 81.302 44.553 16.125 43.012 82.765 70.235 95.131 73.062 50.220 102.201 46.615 24.187 103.175 11.180 25.632 73.110 21.095 53.666 74.706 106.888 75.432 82.365 104.043 46.011 
70.000 55.471 117.953 23.854 113.547 106.832 85.563 87.132 93.349 120.880 35.014 115.525 26.401 139.628 30.871 32.985 70.803 27.459 36.222 14.318 51.624 59.666 41.304 56.321 82.565 41.773 69.260 81.597 10.000 15.033 24.698 101.518   0 34.525 64.288 34.482 123.693 84.006 88.510 103.711 62.801 31.385 107.517 29.120 89.308 130.495 114.337 77.389 102.122 92.849 84.646 44.777 80.529 67.067 26.926 117.614 138.232 19.647 105.171 62.936 
36.497 27.731 106.042 25.239 101.079 80.156 60.836 56.569 68.425 97.509 5.099 111.400 23.431 116.276 30.414 36.770 42.720 14.213 10.198 44.283 61.555 40.200 45.453 29.732 73.682 15.652 35.341 71.344 42.379 40.817 23.022 69.065 34.525   0 30.083 29.411 108.904 50.249 57.983 80.623 60.926 7.810 101.272 6.325 69.857 121.066 90.802 45.000 100.285 59.540 50.289 38.484 48.010 34.205 9.849 113.159 118.271 15.033 102.883 39.560 
18.788 21.260 98.234 49.092 93.145 58.241 44.045 31.385 50.090 78.262 31.385 110.476 46.174 96.047 50.220 56.045 25.495 39.051 33.422 74.324 77.820 37.643 61.847 33.956 72.719 32.650 5.657 69.462 72.450 70.661 50.804 40.311 64.288 30.083   0 46.840 98.005 27.203 32.696 63.127 68.768 33.377 99.282 35.171 58.249 114.560 71.847 17.889 102.343 30.000 20.396 50.120 20.248 20.616 37.656 111.803 101.494 44.643 104.307 31.906 
60.902 29.017 84.404 10.770 79.812 74.632 53.009 59.203 60.605 87.046 34.132 85.212 9.055 105.646 4.472 9.220 41.761 16.155 38.949 48.765 32.650 26.401 16.279 59.034 49.497 44.944 49.820 48.052 44.418 48.466 43.186 75.505 34.482 29.411 46.840   0 89.538 73.007 60.440 70.007 32.757 21.633 76.007 24.597 55.000 97.867 80.623 53.085 72.993 69.181 65.620 11.045 56.143 59.908 21.541 87.144 103.774 25.080 75.802 31.305 
116.103 83.024 11.180 100.305 12.207 50.804 54.342 72.801 49.980 34.409 113.745 37.014 98.351 38.210 92.849 91.236 72.560 102.108 118.609 138.004 84.291 68.731 84.723 130.138 42.438 122.201 94.726 42.544 133.417 137.993 129.838 81.302 123.693 108.904 98.005 89.538   0 118.596 72.236 38.471 64.405 103.755 31.048 107.870 40.050 22.204 36.069 83.934 44.643 87.664 99.020 78.924 83.815 118.533 106.513 36.125 24.331 112.792 42.953 70.064 
14.036 48.415 120.540 73.498 115.551 72.250 64.622 46.098 68.680 93.343 49.000 135.370 70.880 109.018 75.961 82.079 49.092 62.586 48.260 91.082 104.709 64.351 88.549 34.482 98.407 43.932 26.907 95.000 90.449 86.493 64.537 44.553 84.006 50.249 27.203 73.007 118.596   0 46.872 81.025 95.901 56.089 124.020 56.436 80.529 137.084 87.693 34.928 128.226 34.059 20.100 77.175 34.785 17.464 59.682 136.528 117.614 65.123 130.000 58.052 
47.265 33.121 75.293 67.624 70.491 26.173 20.518 1.414 22.361 47.011 60.959 93.381 64.475 63.953 64.846 68.659 18.682 61.057 64.203 100.802 83.096 37.014 70.257 66.408 60.208 64.661 27.514 56.604 97.908 98.082 80.722 16.125 88.510 57.983 32.696 60.440 72.236 46.872   0 34.205 66.708 57.801 82.037 61.074 36.797 91.788 41.049 14.866 89.022 16.279 26.926 57.315 13.153 50.636 62.201 94.175 71.063 70.000 90.139 30.150 
80.100 52.924 43.186 80.056 38.897 13.892 19.925 34.928 13.038 17.205 84.865 65.192 77.337 36.056 74.250 75.286 39.051 77.936 89.196 117.614 79.480 44.045 72.402 96.747 42.012 91.482 59.000 39.115 113.701 116.250 103.315 43.012 103.711 80.623 63.127 70.007 38.471 81.025 34.205   0 58.822 77.414 54.589 81.413 17.088 59.203 10.630 47.170 64.846 49.244 61.131 61.847 46.530 83.006 81.123 65.460 38.471 88.510 65.000 41.677 
86.279 47.508 56.824 42.107 53.000 68.884 50.010 65.970 55.227 73.348 65.924 53.009 41.437 89.889 34.132 30.067 51.078 48.765 70.937 76.688 21.095 32.249 21.587 89.554 22.023 76.557 69.405 22.672 71.805 77.782 75.802 82.765 62.801 60.926 68.768 32.757 64.405 95.901 66.708 58.822   0 53.488 44.721 56.921 41.761 68.007 68.154 66.641 40.311 80.654 82.855 22.472 68.942 86.452 54.120 55.036 83.546 57.706 43.186 39.357 
42.720 25.495 100.319 17.889 95.425 78.243 57.983 56.400 65.734 94.515 12.530 104.561 15.811 113.371 22.627 29.000 41.037 6.708 17.464 43.012 53.759 35.171 37.643 37.537 67.186 23.324 38.079 65.031 40.311 40.361 26.249 70.235 31.385 7.810 33.377 21.633 103.755 56.089 57.801 77.414 53.488   0 94.641 4.123 65.460 115.004 87.818 46.065 93.145 61.465 53.759 31.016 49.193 40.853 4.472 106.367 114.390 12.207 95.802 35.777 
118.068 80.056 19.925 86.145 20.025 68.476 61.555 82.073 61.074 59.228 106.367 11.402 85.024 68.118 78.160 74.673 74.947 91.137 111.463 121.396 60.836 63.246 66.287 127.201 27.659 116.297 97.617 30.364 116.499 122.483 119.038 95.131 107.517 101.272 99.282 76.007 31.048 124.020 82.037 54.589 44.721 94.641   0 98.509 45.255 24.187 57.871 89.627 13.601 98.311 106.400 65.000 90.604 119.507 96.255 12.530 55.317 101.005 12.042 67.624 
42.755 29.206 104.389 19.209 99.504 82.006 61.911 59.666 69.642 98.489 9.899 108.342 17.692 117.337 25.000 31.241 44.688 8.602 14.422 39.962 56.080 39.294 40.224 35.384 71.113 20.616 40.162 69.007 37.577 37.014 22.136 73.062 29.120 6.325 35.171 24.597 107.870 56.436 61.074 81.413 56.921 4.123 98.509   0 69.570 119.017 91.788 48.877 96.773 63.977 55.543 34.482 51.971 40.522 3.606 110.168 118.474 9.487 99.464 39.812 
76.655 43.186 40.162 65.460 35.114 28.018 16.401 36.878 16.553 32.802 74.525 56.586 62.968 50.912 59.034 59.397 32.757 64.885 79.246 103.465 62.394 30.463 55.803 90.089 26.476 82.492 55.362 23.195 99.298 102.577 91.706 50.220 89.308 69.857 58.249 55.000 40.050 80.529 36.797 17.088 41.761 65.460 45.255 69.570   0 56.648 26.926 45.618 53.000 53.075 61.911 45.967 46.141 78.854 68.710 57.385 49.193 75.644 53.824 30.414 
133.150 97.324 16.553 108.342 21.541 72.250 72.498 92.179 69.462 56.613 126.099 22.472 106.921 58.523 100.449 97.514 89.185 112.219 131.137 144.554 84.971 81.394 89.560 145.000 48.374 135.447 111.946 50.090 139.718 145.344 140.289 102.201 130.495 121.066 114.560 97.867 22.204 137.084 91.788 59.203 68.007 115.004 24.187 119.017 56.648   0 58.052 102.157 35.355 107.703 118.068 86.833 102.460 135.163 117.107 20.591 42.953 122.495 32.558 84.345 
88.051 63.071 43.267 90.686 39.825 15.811 29.967 42.012 22.472 6.708 94.937 67.624 87.966 25.554 84.853 85.796 48.703 88.482 99.161 128.226 89.051 54.672 82.662 105.721 49.820 101.193 67.365 47.297 124.326 126.827 113.600 46.615 114.337 90.802 71.847 80.623 36.069 87.693 41.049 10.630 68.154 87.818 57.871 91.788 26.926 58.052   0 55.082 69.426 54.571 67.602 72.346 54.000 91.198 91.586 67.543 30.017 99.020 69.123 52.154 
33.000 24.083 85.615 58.464 80.623 40.792 29.732 13.601 34.366 61.294 47.424 101.020 55.317 78.645 57.219 62.008 15.811 50.329 50.249 88.837 80.050 34.540 65.490 51.546 65.054 50.220 12.649 61.522 86.354 85.703 67.209 24.187 77.389 45.000 17.889 53.085 83.934 34.928 14.866 47.170 66.641 46.065 89.627 48.877 45.618 102.157 55.082   0 94.795 16.125 16.971 52.612 3.162 36.125 50.537 102.078 85.024 58.181 96.333 27.313 
120.950 81.988 33.526 82.389 33.377 78.549 68.600 88.865 69.462 71.449 105.361 14.318 81.744 81.394 74.431 70.064 79.398 88.843 110.440 115.525 52.631 65.000 61.000 127.769 29.833 115.741 101.400 33.302 110.549 117.154 116.108 103.175 102.122 100.285 102.343 72.993 44.643 128.226 89.022 64.846 40.311 93.145 13.601 96.773 53.000 35.355 69.426 94.795   0 105.119 111.759 62.370 96.167 121.939 94.149 16.553 68.884 98.005 3.162 70.456 
38.484 40.200 91.269 74.525 86.533 38.833 36.770 16.279 38.275 59.841 61.294 109.659 71.386 75.000 73.335 78.058 29.833 66.098 63.411 103.769 95.352 49.244 81.222 60.208 76.026 62.241 24.413 72.422 101.553 100.344 80.802 11.180 92.849 59.540 30.000 69.181 87.664 34.059 16.279 49.244 80.654 61.465 98.311 63.977 53.075 107.703 54.571 16.125 105.119   0 14.560 68.264 13.038 42.485 65.924 110.454 84.172 73.410 106.301 41.976 
24.187 37.363 101.518 69.007 96.602 52.154 45.651 26.249 49.041 73.246 51.078 117.801 66.000 89.090 69.354 74.813 32.650 59.304 52.355 94.340 94.868 50.606 79.555 46.400 82.024 50.220 16.000 78.492 92.655 90.471 69.836 25.632 84.646 50.289 20.396 65.620 99.020 20.100 26.926 61.131 82.855 53.759 106.400 55.543 61.911 118.068 67.602 16.971 111.759 14.560   0 67.052 15.811 28.302 58.052 118.811 97.514 65.000 113.278 43.566 
66.219 29.732 73.498 21.587 68.964 68.000 46.519 56.223 53.712 78.568 43.463 74.330 20.100 96.876 13.928 13.454 39.013 26.476 48.466 59.093 27.857 20.616 13.000 67.417 38.471 54.129 52.000 37.108 54.562 59.135 54.083 73.110 44.777 38.484 50.120 11.045 78.924 77.175 57.315 61.847 22.472 31.016 65.000 34.482 45.967 86.833 72.346 52.612 62.370 68.264 67.052   0 55.444 65.856 31.780 76.236 94.048 36.014 65.115 27.166 
34.132 27.166 85.907 61.612 80.957 39.319 29.967 12.042 33.956 60.075 50.329 102.005 58.464 77.104 60.299 65.031 17.889 53.488 53.038 91.924 82.765 37.000 68.359 53.488 66.528 52.802 14.765 62.968 89.471 88.752 70.093 21.095 80.529 48.010 20.248 56.143 83.815 34.785 13.153 46.530 68.942 49.193 90.604 51.971 46.141 102.460 54.000 3.162 96.167 13.038 15.811 55.444   0 37.483 53.666 103.005 84.006 61.294 97.622 29.732 
4.243 39.962 118.849 58.694 113.759 76.792 64.382 49.497 70.029 97.417 32.249 130.614 56.365 114.586 62.266 68.600 46.098 47.539 31.016 73.682 92.418 56.939 76.026 18.385 92.590 26.476 24.021 89.443 73.171 69.051 47.074 53.666 67.067 34.205 20.616 59.908 118.533 17.464 50.636 83.006 86.452 40.853 119.507 40.522 78.854 135.163 91.198 36.125 121.939 42.485 28.302 65.856 37.483   0 43.966 132.004 121.103 48.662 124.036 51.894 
46.098 29.698 102.703 15.620 97.867 82.329 61.855 60.803 69.635 98.270 13.454 105.929 14.213 117.137 21.633 27.803 45.255 5.385 17.804 38.601 52.631 38.275 36.892 38.949 69.007 24.083 42.450 67.030 35.847 36.069 23.345 74.706 26.926 9.849 37.656 21.541 106.513 59.682 62.201 81.123 54.120 4.472 96.255 3.606 68.710 117.107 91.586 50.537 94.149 65.924 58.052 31.780 53.666 43.966   0 107.787 117.784 7.810 96.881 39.446 
130.587 92.477 25.495 97.005 27.857 79.322 73.756 94.260 72.863 68.007 118.258 2.236 96.083 74.330 89.006 85.094 87.464 102.591 123.357 131.240 68.964 75.611 76.322 139.474 39.850 128.320 110.145 42.720 126.289 132.639 130.311 106.888 117.614 113.159 111.803 87.144 36.125 136.528 94.175 65.460 55.036 106.367 12.530 110.168 57.385 20.591 67.543 102.078 16.553 110.454 118.811 76.236 103.005 132.004 107.787   0 60.008 112.219 13.416 80.112 
118.017 90.802 35.511 114.390 35.735 45.398 58.249 72.028 51.478 24.331 122.711 61.074 112.004 16.125 107.615 107.201 77.466 114.061 127.201 152.463 104.350 79.624 102.069 135.204 61.847 129.757 97.185 60.877 148.189 151.717 140.577 75.432 138.232 118.271 101.494 103.774 24.331 117.614 71.063 38.471 83.546 114.390 55.317 118.474 49.193 42.953 30.017 85.024 68.884 84.172 97.514 94.048 84.006 121.103 117.784 60.008   0 124.812 67.268 78.772 
51.245 37.483 108.503 16.155 103.755 90.028 69.405 68.600 77.201 105.688 16.492 110.291 16.279 124.555 23.770 29.155 53.038 10.770 19.235 30.806 53.339 45.188 38.626 40.817 74.169 25.554 49.649 72.443 28.178 28.284 18.111 82.365 19.647 15.033 44.643 25.080 112.792 65.123 70.000 88.510 57.706 12.207 101.005 9.487 75.644 122.495 99.020 58.181 98.005 73.410 65.000 36.014 61.294 48.662 7.810 112.219 124.812   0 100.841 46.872 
122.967 84.119 31.780 85.288 32.062 78.791 69.656 90.028 70.178 70.859 107.968 11.180 84.593 80.156 77.318 73.027 81.056 91.591 113.053 118.609 55.785 67.119 64.008 130.173 31.623 118.296 103.228 35.000 113.635 120.204 118.950 104.043 105.171 102.883 104.307 75.802 42.953 130.000 90.139 65.000 43.186 95.802 12.042 99.464 53.824 32.558 69.123 96.333 3.162 106.301 113.278 65.115 97.622 124.036 96.881 13.416 67.268 100.841   0 72.402 
50.606 13.038 68.469 40.000 63.388 43.932 22.672 29.069 30.480 58.830 44.147 78.721 37.014 77.698 35.777 38.897 12.166 36.401 48.836 76.485 53.460 7.280 40.112 60.671 40.817 52.154 31.145 37.590 72.835 74.813 61.847 46.011 62.936 39.560 31.906 31.305 70.064 58.052 30.150 41.677 39.357 35.777 67.624 39.812 30.414 84.345 52.154 27.313 70.456 41.976 43.566 27.166 29.732 51.894 39.446 80.112 78.772 46.872 72.402   0 
3.4170307866774317
3.1354492634822564
0.1436748336868316
6.445208251130935
3.06235216681043
0.10390413807853854
3.1638831994881658
2.8203732729660476
5.12814454932628
6.093900769927757
0.750528573430199
0.16068706622494278
4.595906352333098
0.05310110151680921
0.4871508649524729
3.1851362663054785
0.14599405897219916
3.5463469118178192
13.207555540454054
0.33903990685804986
0.05997772673722937
7.099606153124554
0.12757172777603834
0.11382412037385962
0.07306168526467532
0.37264285393030555
0.20346558910771126
0.07404836811260765
10.067573988856083
0.1809169881872986
9.143183216508248
0.1071276031213732
0.187863755504015
8.370103988247152
3.133353313966361
6.2198600011605345
0.06684456357350786
3.1023719213444845
16.073412692118705
0.12625686055805552
3.062785686957546
0.7851952313747743
6.117347427535628
3.8740127824318322
3.0897177260273825
3.04573939548954
3.153338852426148
0.16588301780430065
0.8629183425490277
0.14015516473711473
10.08339835142735
0.16117367157671933
0.17992500777049572
9.192505902597793
10.530174323858814
0.12805567424526293
3.037749143338982
8.346795790801444
14.061560290215496
0.2120511244133638
